
DETLeakageDetector = [
    1    1    1    1     1     1     1    1    1    1 -8.52598E+09 0.01014 
    2    2    1    1     1     1     1    1    1    1 -9.12377E+09 0.01066 
    3    3    1    1     1     1     1    1    1    1 -1.00433E+10 0.00979 
    4    4    1    1     1     1     1    1    1    1 -1.08278E+10 0.00954 
    5    5    1    1     1     1     1    1    1    1 -1.13946E+10 0.00899 
    6    6    1    1     1     1     1    1    1    1 -1.20985E+10 0.00863 
    7    7    1    1     1     1     1    1    1    1 -1.29048E+10 0.00830 
    8    8    1    1     1     1     1    1    1    1 -1.38770E+10 0.00806 
    9    9    1    1     1     1     1    1    1    1 -1.49273E+10 0.00688 
   10   10    1    1     1     1     1    1    1    1 -1.56904E+10 0.00731 
   11   11    1    1     1     1     1    1    1    1 -1.68469E+10 0.00790 
   12   12    1    1     1     1     1    1    1    1 -1.77418E+10 0.00746 
   13   13    1    1     1     1     1    1    1    1 -1.92563E+10 0.00711 
   14   14    1    1     1     1     1    1    1    1 -2.04564E+10 0.00752 
   15   15    1    1     1     1     1    1    1    1 -2.16666E+10 0.00671 
   16   16    1    1     1     1     1    1    1    1 -2.32478E+10 0.00607 
   17   17    1    1     1     1     1    1    1    1 -2.42456E+10 0.00604 
   18   18    1    1     1     1     1    1    1    1 -2.62444E+10 0.00639 
   19   19    1    1     1     1     1    1    1    1 -2.78360E+10 0.00530 
   20   20    1    1     1     1     1    1    1    1 -2.95526E+10 0.00560 
   21   21    1    1     1     1     1    1    1    1 -3.13065E+10 0.00521 
   22   22    1    1     1     1     1    1    1    1 -3.32553E+10 0.00523 
   23   23    1    1     1     1     1    1    1    1 -3.49012E+10 0.00525 
   24   24    1    1     1     1     1    1    1    1 -3.71323E+10 0.00563 
   25   25    1    1     1     1     1    1    1    1 -3.92870E+10 0.00528 
   26   26    1    1     1     1     1    1    1    1 -4.10585E+10 0.00500 
   27   27    1    1     1     1     1    1    1    1 -4.35979E+10 0.00489 
   28   28    1    1     1     1     1    1    1    1 -4.55441E+10 0.00435 
   29   29    1    1     1     1     1    1    1    1 -4.80177E+10 0.00452 
   30   30    1    1     1     1     1    1    1    1 -5.02668E+10 0.00444 
   31   31    1    1     1     1     1    1    1    1 -5.27096E+10 0.00393 
   32   32    1    1     1     1     1    1    1    1 -5.53468E+10 0.00447 
   33   33    1    1     1     1     1    1    1    1 -5.79213E+10 0.00432 
   34   34    1    1     1     1     1    1    1    1 -6.04304E+10 0.00417 
   35   35    1    1     1     1     1    1    1    1 -6.32548E+10 0.00394 
   36   36    1    1     1     1     1    1    1    1 -6.59887E+10 0.00388 
   37   37    1    1     1     1     1    1    1    1 -6.82933E+10 0.00367 
   38   38    1    1     1     1     1    1    1    1 -7.04079E+10 0.00348 
   39   39    1    1     1     1     1    1    1    1 -7.24013E+10 0.00359 
   40   40    1    1     1     1     1    1    1    1 -7.52915E+10 0.00356 
   41   41    1    1     1     1     1    1    1    1 -7.83267E+10 0.00334 
   42   42    1    1     1     1     1    1    1    1 -8.06065E+10 0.00338 
   43   43    1    1     1     1     1    1    1    1 -8.32713E+10 0.00345 
   44   44    1    1     1     1     1    1    1    1 -8.53793E+10 0.00325 
   45   45    1    1     1     1     1    1    1    1 -8.77407E+10 0.00317 
   46   46    1    1     1     1     1    1    1    1 -9.04176E+10 0.00321 
   47   47    1    1     1     1     1    1    1    1 -9.31692E+10 0.00320 
   48   48    1    1     1     1     1    1    1    1 -9.54400E+10 0.00295 
   49   49    1    1     1     1     1    1    1    1 -9.75320E+10 0.00287 
   50   50    1    1     1     1     1    1    1    1 -9.89877E+10 0.00281 
   51   51    1    1     1     1     1    1    1    1 -1.00941E+11 0.00288 
   52   52    1    1     1     1     1    1    1    1 -1.03448E+11 0.00304 
   53   53    1    1     1     1     1    1    1    1 -1.05189E+11 0.00287 
   54   54    1    1     1     1     1    1    1    1 -1.06901E+11 0.00293 
   55   55    1    1     1     1     1    1    1    1 -1.08962E+11 0.00302 
   56   56    1    1     1     1     1    1    1    1 -1.10246E+11 0.00314 
   57   57    1    1     1     1     1    1    1    1 -1.10886E+11 0.00293 
   58   58    1    1     1     1     1    1    1    1 -1.12698E+11 0.00281 
   59   59    1    1     1     1     1    1    1    1 -1.13953E+11 0.00305 
   60   60    1    1     1     1     1    1    1    1 -1.14543E+11 0.00317 
   61   61    1    1     1     1     1    1    1    1 -1.15776E+11 0.00288 
   62   62    1    1     1     1     1    1    1    1 -1.17012E+11 0.00294 
   63   63    1    1     1     1     1    1    1    1 -1.17382E+11 0.00272 
   64   64    1    1     1     1     1    1    1    1 -1.17469E+11 0.00270 
   65   65    1    1     1     1     1    1    1    1 -1.17613E+11 0.00291 
   66   66    1    1     1     1     1    1    1    1 -1.17627E+11 0.00271 
   67   67    1    1     1     1     1    1    1    1 -1.17989E+11 0.00306 
   68   68    1    1     1     1     1    1    1    1 -1.17370E+11 0.00280 
   69   69    1    1     1     1     1    1    1    1 -1.16571E+11 0.00272 
   70   70    1    1     1     1     1    1    1    1 -1.14529E+11 0.00303 
   71   71    1    1     1     1     1    1    1    1 -1.13305E+11 0.00329 
   72   72    1    1     1     1     1    1    1    1 -1.11142E+11 0.00294 
   73   73    1    1     1     1     1    1    1    1 -1.08653E+11 0.00278 
   74   74    1    1     1     1     1    1    1    1 -1.06164E+11 0.00283 
   75   75    1    1     1     1     1    1    1    1 -1.03415E+11 0.00297 
   76   76    1    1     1     1     1    1    1    1 -9.95200E+10 0.00308 
   77   77    1    1     1     1     1    1    1    1 -9.55691E+10 0.00323 
   78   78    1    1     1     1     1    1    1    1 -9.17143E+10 0.00312 
   79   79    1    1     1     1     1    1    1    1 -8.71025E+10 0.00325 
   80   80    1    1     1     1     1    1    1    1 -8.25286E+10 0.00364 
   81   81    1    1     1     1     1    1    1    1 -7.81202E+10 0.00338 
   82   82    1    1     1     1     1    1    1    1 -7.26918E+10 0.00373 
   83   83    1    1     1     1     1    1    1    1 -6.79802E+10 0.00364 
   84   84    1    1     1     1     1    1    1    1 -6.24643E+10 0.00419 
   85   85    1    1     1     1     1    1    1    1 -5.70627E+10 0.00402 
   86   86    1    1     1     1     1    1    1    1 -5.18374E+10 0.00432 
   87   87    1    1     1     1     1    1    1    1 -4.69229E+10 0.00455 
   88   88    1    1     1     1     1    1    1    1 -4.18674E+10 0.00464 
   89   89    1    1     1     1     1    1    1    1 -3.71015E+10 0.00505 
   90   90    1    1     1     1     1    1    1    1 -3.26401E+10 0.00532 
   91   91    1    1     1     1     1    1    1    1 -2.83528E+10 0.00617 
   92   92    1    1     1     1     1    1    1    1 -2.44577E+10 0.00621 
   93   93    1    1     1     1     1    1    1    1 -2.06956E+10 0.00679 
   94   94    1    1     1     1     1    1    1    1 -1.74866E+10 0.00735 
   95   95    1    1     1     1     1    1    1    1 -1.45902E+10 0.00754 
   96   96    1    1     1     1     1    1    1    1 -1.15343E+10 0.00867 
   97   97    1    1     1     1     1    1    1    1 -9.36466E+09 0.01019 
   98   98    1    1     1     1     1    1    1    1 -7.58657E+09 0.01104 
   99   99    1    1     1     1     1    1    1    1 -5.91172E+09 0.01184 
  100  100    1    1     1     1     1    1    1    1 -4.50737E+09 0.01488 
];


