
DETpinpowers = [
    1    1    1    1     1     1     1    1    1    1  1.79571E+02 0.01718 
    2    1    1    1     1     1     1    1    1    2  1.79273E+02 0.01492 
    3    1    1    1     1     1     1    1    1    3  1.70873E+02 0.01670 
    4    1    1    1     1     1     1    1    1    4  1.75879E+02 0.01495 
    5    1    1    1     1     1     1    1    1    5  1.78318E+02 0.01711 
    6    1    1    1     1     1     1    1    1    6  1.78185E+02 0.01760 
    7    1    1    1     1     1     1    1    1    7  1.84107E+02 0.01459 
    8    1    1    1     1     1     1    1    1    8  1.87624E+02 0.01505 
    9    1    1    1     1     1     1    1    1    9  1.79970E+02 0.01660 
   10    1    1    1     1     1     1    1    1   10  1.85332E+02 0.01529 
   11    1    1    1     1     1     1    1    1   11  1.84821E+02 0.01701 
   12    1    1    1     1     1     1    1    1   12  1.84473E+02 0.01500 
   13    1    1    1     1     1     1    1    1   13  1.85962E+02 0.01620 
   14    1    1    1     1     1     1    1    1   14  1.82333E+02 0.01571 
   15    1    1    1     1     1     1    1    1   15  1.77765E+02 0.01505 
   16    1    1    1     1     1     1    1    1   16  1.77853E+02 0.01482 
   17    1    1    1     1     1     1    1    1   17  1.75320E+02 0.01613 
   18    1    1    1     1     1     1    1    2    1  1.76172E+02 0.01573 
   19    1    1    1     1     1     1    1    2    2  1.68144E+02 0.01508 
   20    1    1    1     1     1     1    1    2    3  1.60272E+02 0.01503 
   21    1    1    1     1     1     1    1    2    4  1.71000E+02 0.01567 
   22    1    1    1     1     1     1    1    2    5  1.73637E+02 0.01494 
   23    1    1    1     1     1     1    1    2    6  1.80404E+02 0.01493 
   24    1    1    1     1     1     1    1    2    7  1.82659E+02 0.01393 
   25    1    1    1     1     1     1    1    2    8  1.77143E+02 0.01357 
   26    1    1    1     1     1     1    1    2    9  1.82915E+02 0.01520 
   27    1    1    1     1     1     1    1    2   10  1.80829E+02 0.01591 
   28    1    1    1     1     1     1    1    2   11  1.82214E+02 0.01573 
   29    1    1    1     1     1     1    1    2   12  1.82976E+02 0.01363 
   30    1    1    1     1     1     1    1    2   13  1.77051E+02 0.01586 
   31    1    1    1     1     1     1    1    2   14  1.69058E+02 0.01870 
   32    1    1    1     1     1     1    1    2   15  1.60207E+02 0.01573 
   33    1    1    1     1     1     1    1    2   16  1.66587E+02 0.01405 
   34    1    1    1     1     1     1    1    2   17  1.76846E+02 0.01433 
   35    1    1    1     1     1     1    1    3    1  1.72783E+02 0.01458 
   36    1    1    1     1     1     1    1    3    2  1.62185E+02 0.01536 
   37    1    1    1     1     1     1    1    3    3  1.35363E+01 0.01846 
   38    1    1    1     1     1     1    1    3    4  1.66109E+02 0.01737 
   39    1    1    1     1     1     1    1    3    5  1.77774E+02 0.01599 
   40    1    1    1     1     1     1    1    3    6  0.00000E+00 0.00000 
   41    1    1    1     1     1     1    1    3    7  1.76491E+02 0.01610 
   42    1    1    1     1     1     1    1    3    8  1.68106E+02 0.01642 
   43    1    1    1     1     1     1    1    3    9  0.00000E+00 0.00000 
   44    1    1    1     1     1     1    1    3   10  1.66443E+02 0.01653 
   45    1    1    1     1     1     1    1    3   11  1.79389E+02 0.01714 
   46    1    1    1     1     1     1    1    3   12  0.00000E+00 0.00000 
   47    1    1    1     1     1     1    1    3   13  1.74133E+02 0.01557 
   48    1    1    1     1     1     1    1    3   14  1.63477E+02 0.01609 
   49    1    1    1     1     1     1    1    3   15  1.34715E+01 0.01921 
   50    1    1    1     1     1     1    1    3   16  1.58639E+02 0.01702 
   51    1    1    1     1     1     1    1    3   17  1.76441E+02 0.01567 
   52    1    1    1     1     1     1    1    4    1  1.75023E+02 0.01532 
   53    1    1    1     1     1     1    1    4    2  1.71882E+02 0.01659 
   54    1    1    1     1     1     1    1    4    3  1.67735E+02 0.01579 
   55    1    1    1     1     1     1    1    4    4  0.00000E+00 0.00000 
   56    1    1    1     1     1     1    1    4    5  1.69410E+02 0.01710 
   57    1    1    1     1     1     1    1    4    6  1.74032E+02 0.01590 
   58    1    1    1     1     1     1    1    4    7  1.58455E+02 0.01642 
   59    1    1    1     1     1     1    1    4    8  1.26284E+01 0.02170 
   60    1    1    1     1     1     1    1    4    9  1.50256E+02 0.01602 
   61    1    1    1     1     1     1    1    4   10  1.29956E+01 0.01865 
   62    1    1    1     1     1     1    1    4   11  1.60870E+02 0.01618 
   63    1    1    1     1     1     1    1    4   12  1.75669E+02 0.01494 
   64    1    1    1     1     1     1    1    4   13  1.66225E+02 0.01756 
   65    1    1    1     1     1     1    1    4   14  0.00000E+00 0.00000 
   66    1    1    1     1     1     1    1    4   15  1.69578E+02 0.01411 
   67    1    1    1     1     1     1    1    4   16  1.73928E+02 0.01623 
   68    1    1    1     1     1     1    1    4   17  1.84859E+02 0.01640 
   69    1    1    1     1     1     1    1    5    1  1.78730E+02 0.01605 
   70    1    1    1     1     1     1    1    5    2  1.80892E+02 0.01470 
   71    1    1    1     1     1     1    1    5    3  1.82289E+02 0.01542 
   72    1    1    1     1     1     1    1    5    4  1.65938E+02 0.01427 
   73    1    1    1     1     1     1    1    5    5  1.33404E+01 0.01997 
   74    1    1    1     1     1     1    1    5    6  1.60726E+02 0.01695 
   75    1    1    1     1     1     1    1    5    7  1.63397E+02 0.01689 
   76    1    1    1     1     1     1    1    5    8  1.54075E+02 0.01560 
   77    1    1    1     1     1     1    1    5    9  1.58140E+02 0.01456 
   78    1    1    1     1     1     1    1    5   10  1.50635E+02 0.01641 
   79    1    1    1     1     1     1    1    5   11  1.57215E+02 0.01683 
   80    1    1    1     1     1     1    1    5   12  1.60440E+02 0.01548 
   81    1    1    1     1     1     1    1    5   13  1.27474E+01 0.02132 
   82    1    1    1     1     1     1    1    5   14  1.64609E+02 0.01706 
   83    1    1    1     1     1     1    1    5   15  1.77401E+02 0.01458 
   84    1    1    1     1     1     1    1    5   16  1.80038E+02 0.01545 
   85    1    1    1     1     1     1    1    5   17  1.82576E+02 0.01606 
   86    1    1    1     1     1     1    1    6    1  1.88883E+02 0.01311 
   87    1    1    1     1     1     1    1    6    2  1.83461E+02 0.01482 
   88    1    1    1     1     1     1    1    6    3  0.00000E+00 0.00000 
   89    1    1    1     1     1     1    1    6    4  1.73566E+02 0.01548 
   90    1    1    1     1     1     1    1    6    5  1.59537E+02 0.01508 
   91    1    1    1     1     1     1    1    6    6  0.00000E+00 0.00000 
   92    1    1    1     1     1     1    1    6    7  1.54265E+02 0.01547 
   93    1    1    1     1     1     1    1    6    8  1.65907E+02 0.01662 
   94    1    1    1     1     1     1    1    6    9  0.00000E+00 0.00000 
   95    1    1    1     1     1     1    1    6   10  1.66714E+02 0.01619 
   96    1    1    1     1     1     1    1    6   11  1.63420E+02 0.01607 
   97    1    1    1     1     1     1    1    6   12  0.00000E+00 0.00000 
   98    1    1    1     1     1     1    1    6   13  1.61999E+02 0.01581 
   99    1    1    1     1     1     1    1    6   14  1.65611E+02 0.01476 
  100    1    1    1     1     1     1    1    6   15  0.00000E+00 0.00000 
  101    1    1    1     1     1     1    1    6   16  1.86499E+02 0.01362 
  102    1    1    1     1     1     1    1    6   17  1.85139E+02 0.01559 
  103    1    1    1     1     1     1    1    7    1  1.80390E+02 0.01598 
  104    1    1    1     1     1     1    1    7    2  1.81044E+02 0.01539 
  105    1    1    1     1     1     1    1    7    3  1.78995E+02 0.01374 
