
DETTwoGroupDetector = [
    1    1    1    1     1     1     1    1    1    1  0.00000E+00 0.00000 
];


DETTwoGroupDetectorE = [
 1.00000E-11  2.50000E-08  1.25050E-08
];
