
DETEnergyDetector = [
    1    1    1    1     1     1     1    1    1    1  4.82206E+00 0.00142 
];

