
DETEnergyDetector = [
    1    1    1    1     1     1     1    1    1    1  2.01196E-06 1.00000 
    2    2    1    1     1     1     1    1    1    1  0.00000E+00 0.00000 
    3    3    1    1     1     1     1    1    1    1  0.00000E+00 0.00000 
    4    4    1    1     1     1     1    1    1    1  0.00000E+00 0.00000 
    5    5    1    1     1     1     1    1    1    1  1.97996E-06 1.00000 
    6    6    1    1     1     1     1    1    1    1  1.99962E-06 1.00000 
    7    7    1    1     1     1     1    1    1    1  2.00723E-06 1.00000 
    8    8    1    1     1     1     1    1    1    1  2.03669E-06 1.00000 
    9    9    1    1     1     1     1    1    1    1  6.01596E-06 0.74394 
   10   10    1    1     1     1     1    1    1    1  0.00000E+00 0.00000 
   11   11    1    1     1     1     1    1    1    1  1.97996E-06 1.00000 
   12   12    1    1     1     1     1    1    1    1  4.01684E-06 0.70533 
   13   13    1    1     1     1     1    1    1    1  3.98159E-06 0.70536 
   14   14    1    1     1     1     1    1    1    1  1.98091E-06 1.00000 
   15   15    1    1     1     1     1    1    1    1  8.02312E-06 0.49622 
   16   16    1    1     1     1     1    1    1    1  1.98850E-06 1.00000 
   17   17    1    1     1     1     1    1    1    1  0.00000E+00 0.00000 
   18   18    1    1     1     1     1    1    1    1  4.03279E-06 0.70533 
   19   19    1    1     1     1     1    1    1    1  1.99609E-06 1.00000 
   20   20    1    1     1     1     1    1    1    1  1.95228E-06 1.00000 
   21   21    1    1     1     1     1    1    1    1  4.00074E-06 0.70533 
   22   22    1    1     1     1     1    1    1    1  0.00000E+00 0.00000 
   23   23    1    1     1     1     1    1    1    1  2.01274E-06 1.00000 
   24   24    1    1     1     1     1    1    1    1  0.00000E+00 0.00000 
   25   25    1    1     1     1     1    1    1    1  5.97625E-06 0.57444 
   26   26    1    1     1     1     1    1    1    1  0.00000E+00 0.00000 
   27   27    1    1     1     1     1    1    1    1  0.00000E+00 0.00000 
   28   28    1    1     1     1     1    1    1    1  2.00723E-06 1.00000 
   29   29    1    1     1     1     1    1    1    1  3.96425E-06 0.70534 
   30   30    1    1     1     1     1    1    1    1  6.00680E-06 0.57445 
   31   31    1    1     1     1     1    1    1    1  2.00723E-06 1.00000 
   32   32    1    1     1     1     1    1    1    1  6.01556E-06 0.57445 
   33   33    1    1     1     1     1    1    1    1  1.98153E-06 1.00000 
   34   34    1    1     1     1     1    1    1    1  0.00000E+00 0.00000 
   35   35    1    1     1     1     1    1    1    1  2.01293E-06 1.00000 
   36   36    1    1     1     1     1    1    1    1  0.00000E+00 0.00000 
   37   37    1    1     1     1     1    1    1    1  5.95594E-06 0.57450 
   38   38    1    1     1     1     1    1    1    1  0.00000E+00 0.00000 
   39   39    1    1     1     1     1    1    1    1  1.97065E-06 1.00000 
   40   40    1    1     1     1     1    1    1    1  6.00775E-06 0.57446 
   41   41    1    1     1     1     1    1    1    1  3.96851E-06 0.70535 
   42   42    1    1     1     1     1    1    1    1  3.97770E-06 0.70534 
   43   43    1    1     1     1     1    1    1    1  3.99717E-06 0.70534 
   44   44    1    1     1     1     1    1    1    1  2.01269E-06 1.00000 
   45   45    1    1     1     1     1    1    1    1  7.97460E-06 0.49622 
   46   46    1    1     1     1     1    1    1    1  1.98382E-06 1.00000 
   47   47    1    1     1     1     1    1    1    1  5.99900E-06 0.57444 
   48   48    1    1     1     1     1    1    1    1  3.96922E-06 0.70533 
   49   49    1    1     1     1     1    1    1    1  3.98264E-06 0.70533 
   50   50    1    1     1     1     1    1    1    1  0.00000E+00 0.00000 
   51   51    1    1     1     1     1    1    1    1  1.98957E-06 1.00000 
   52   52    1    1     1     1     1    1    1    1  4.04871E-06 0.70533 
   53   53    1    1     1     1     1    1    1    1  9.98086E-06 0.44271 
   54   54    1    1     1     1     1    1    1    1  4.00274E-06 0.70536 
   55   55    1    1     1     1     1    1    1    1  1.99182E-06 1.00000 
   56   56    1    1     1     1     1    1    1    1  4.03311E-06 0.70533 
   57   57    1    1     1     1     1    1    1    1  9.99574E-06 0.44272 
   58   58    1    1     1     1     1    1    1    1  0.00000E+00 0.00000 
   59   59    1    1     1     1     1    1    1    1  1.96481E-06 1.00000 
   60   60    1    1     1     1     1    1    1    1  3.95463E-06 0.70533 
   61   61    1    1     1     1     1    1    1    1  8.02630E-06 0.49623 
   62   62    1    1     1     1     1    1    1    1  8.02460E-06 0.49624 
   63   63    1    1     1     1     1    1    1    1  5.95849E-06 0.57445 
   64   64    1    1     1     1     1    1    1    1  5.98571E-06 0.57448 
   65   65    1    1     1     1     1    1    1    1  7.96245E-06 0.49623 
   66   66    1    1     1     1     1    1    1    1  6.05392E-06 0.57444 
   67   67    1    1     1     1     1    1    1    1  0.00000E+00 0.00000 
   68   68    1    1     1     1     1    1    1    1  2.02596E-06 1.00000 
   69   69    1    1     1     1     1    1    1    1  3.98098E-06 0.70533 
   70   70    1    1     1     1     1    1    1    1  1.00078E-05 0.44271 
   71   71    1    1     1     1     1    1    1    1  7.92930E-06 0.49622 
   72   72    1    1     1     1     1    1    1    1  7.93065E-06 0.49622 
   73   73    1    1     1     1     1    1    1    1  1.19914E-05 0.40311 
   74   74    1    1     1     1     1    1    1    1  0.00000E+00 0.00000 
   75   75    1    1     1     1     1    1    1    1  1.39416E-05 0.37223 
   76   76    1    1     1     1     1    1    1    1  3.97060E-06 0.70533 
   77   77    1    1     1     1     1    1    1    1  5.97587E-06 0.57445 
   78   78    1    1     1     1     1    1    1    1  3.97182E-06 0.70533 
   79   79    1    1     1     1     1    1    1    1  6.02604E-06 0.57446 
   80   80    1    1     1     1     1    1    1    1  1.00548E-05 0.44273 
   81   81    1    1     1     1     1    1    1    1  5.98010E-06 0.57444 
   82   82    1    1     1     1     1    1    1    1  8.04648E-06 0.49624 
   83   83    1    1     1     1     1    1    1    1  6.07056E-06 0.57445 
   84   84    1    1     1     1     1    1    1    1  1.19822E-05 0.40310 
   85   85    1    1     1     1     1    1    1    1  1.59445E-05 0.34729 
   86   86    1    1     1     1     1    1    1    1  5.97439E-06 0.57445 
   87   87    1    1     1     1     1    1    1    1  1.59854E-05 0.34729 
   88   88    1    1     1     1     1    1    1    1  1.95906E-06 1.00000 
   89   89    1    1     1     1     1    1    1    1  9.97892E-06 0.44271 
   90   90    1    1     1     1     1    1    1    1  1.39628E-05 0.37223 
   91   91    1    1     1     1     1    1    1    1  8.06346E-06 0.61123 
   92   92    1    1     1     1     1    1    1    1  1.20120E-05 0.46802 
   93   93    1    1     1     1     1    1    1    1  1.60008E-05 0.34729 
   94   94    1    1     1     1     1    1    1    1  1.79930E-05 0.32658 
   95   95    1    1     1     1     1    1    1    1  1.60029E-05 0.34730 
   96   96    1    1     1     1     1    1    1    1  1.38961E-05 0.37223 
   97   97    1    1     1     1     1    1    1    1  1.00008E-05 0.44271 
   98   98    1    1     1     1     1    1    1    1  1.19823E-05 0.40309 
   99   99    1    1     1     1     1    1    1    1  2.20957E-05 0.32096 
  100  100    1    1     1     1     1    1    1    1  9.98838E-06 0.44271 
  101  101    1    1     1     1     1    1    1    1  1.19894E-05 0.40310 
  102  102    1    1     1     1     1    1    1    1  5.98275E-06 0.57447 
  103  103    1    1     1     1     1    1    1    1  1.79531E-05 0.32658 
  104  104    1    1     1     1     1    1    1    1  1.39605E-05 0.37224 
